0.6;0.6;0.7142857142857143;0.8666666666666667;1.0;
0.4285714285714286;0.5;0.5;0.75;1.0;
0.33333333333333337;0.6;0.7142857142857143;0.8666666666666667;0.9;
0.19999999999999996;0.33333333333333337;0.5;0.6666666666666667;0.6923076923076923;
1.0;1.0;1.0;1.0;1.0;
0.33333333333333337;0.5;0.5555555555555556;0.7142857142857143;0.7142857142857143;
0.4285714285714286;0.6;0.6;0.7333333333333334;0.75;
0.7142857142857143;1.0;1.0;1.0;1.0;
0.1428571428571429;0.5555555555555556;0.7142857142857143;0.7142857142857143;0.75;
0.23076923076923073;0.6363636363636364;0.8;0.8181818181818181;0.8333333333333334;
0.4545454545454546;0.7777777777777778;0.7777777777777778;0.8;0.8;
0.33333333333333337;0.4;0.6363636363636364;0.7777777777777778;0.7777777777777778;
0.33333333333333337;0.5555555555555556;0.6363636363636364;0.6923076923076923;0.7777777777777778;
0.8;1.0;1.0;1.0;1.0;
0.6;0.75;0.8181818181818181;0.8181818181818181;1.0;
0.7142857142857143;0.8;0.8181818181818181;1.0;1.0;
0.5;0.8181818181818181;0.92;1.0;1.0;
0.23076923076923073;0.8333333333333334;0.8333333333333334;0.8571428571428572;0.875;
0.33333333333333337;0.6;0.75;0.75;0.75;
0.75;0.75;1.0;1.0;1.0;
0.19999999999999996;0.19999999999999996;0.4285714285714286;0.4285714285714286;0.5;
0.25;0.6;0.75;0.7777777777777778;0.8;
1.0;1.0;1.0;1.0;1.0;
0.33333333333333337;0.6666666666666667;0.7142857142857143;0.75;0.7777777777777778;
0.33333333333333337;0.8;0.8;0.8;0.8;
1.0;1.0;1.0;1.0;1.0;
1.0;1.0;1.0;1.0;1.0;
1.0;1.0;1.0;1.0;1.0;
1.0;1.0;1.0;1.0;1.0;
0.5;0.75;0.7777777777777778;0.7777777777777778;0.8;
0.33333333333333337;0.7142857142857143;0.75;0.75;0.7777777777777778;
0.5;0.6666666666666667;0.75;0.8461538461538461;1.0;
0.7142857142857143;0.7777777777777778;0.8181818181818181;0.8333333333333334;1.0;
0.6;0.8;0.8181818181818181;0.8333333333333334;1.0;
0.11111111111111116;0.6666666666666667;0.6923076923076923;0.7333333333333334;0.75;
0.11111111111111116;0.6666666666666667;0.7777777777777778;0.7777777777777778;0.8;
0.3846153846153846;0.75;0.7777777777777778;0.8;0.8181818181818181;
0.6;0.6923076923076923;0.7142857142857143;0.8;0.8181818181818181;
0.6363636363636364;0.7142857142857143;0.75;0.75;0.8;
0.6;0.75;0.7777777777777778;0.7777777777777778;0.8;
0.2941176470588235;0.5714285714285714;0.625;0.6363636363636364;0.6923076923076923;
1.0;1.0;1.0;1.0;1.0;
0.6;0.75;0.8181818181818181;1.0;1.0;
0.4285714285714286;0.4545454545454546;0.5;0.6;0.7142857142857143;
1.0;1.0;1.0;1.0;1.0;
1.0;1.0;1.0;1.0;1.0;
0.75;1.0;1.0;1.0;1.0;
0.1428571428571429;0.6363636363636364;0.6363636363636364;0.6666666666666667;0.7142857142857143;
0.75;0.75;0.7777777777777778;0.7777777777777778;0.8571428571428572;
0.7142857142857143;0.75;1.0;1.0;1.0;
0.33333333333333337;0.7142857142857143;0.7142857142857143;0.7142857142857143;0.75;
0.4545454545454546;0.5555555555555556;0.7777777777777778;0.7777777777777778;0.8;
1.0;1.0;1.0;1.0;1.0;
0.07692307692307687;0.7777777777777778;0.8333333333333334;0.8333333333333334;0.8333333333333334;
0.07692307692307687;0.6666666666666667;0.75;0.8181818181818181;0.8181818181818181;
0.6;0.7142857142857143;0.7777777777777778;0.7777777777777778;0.8;
0.33333333333333337;0.6;0.6666666666666667;0.6666666666666667;0.75;
0.75;1.0;1.0;1.0;1.0;
1.0;1.0;1.0;1.0;1.0;
0.3846153846153846;0.5;0.5;0.6666666666666667;0.7142857142857143;
1.0;1.0;1.0;1.0;1.0;
1.0;1.0;1.0;1.0;1.0;
0.5555555555555556;0.6;0.7142857142857143;0.7777777777777778;0.7777777777777778;
0.1428571428571429;0.4285714285714286;0.4285714285714286;0.5;0.5555555555555556;
0.75;0.75;0.75;0.8181818181818181;0.8947368421052632;
0.11111111111111116;0.33333333333333337;0.33333333333333337;0.33333333333333337;0.5555555555555556;
0.5;0.6363636363636364;0.6666666666666667;0.7142857142857143;0.75;
0.2941176470588235;0.6666666666666667;0.6923076923076923;0.7142857142857143;0.8181818181818181;
0.11111111111111116;0.25;0.4;0.5;0.7142857142857143;
0.25;0.5;0.8;0.8461538461538461;1.0;
0.6666666666666667;0.6666666666666667;0.6666666666666667;1.0;1.0;
1.0;1.0;1.0;1.0;1.0;
1.0;1.0;1.0;1.0;1.0;
1.0;1.0;1.0;1.0;1.0;
1.0;1.0;1.0;1.0;1.0;
1.0;1.0;1.0;1.0;1.0;
1.0;1.0;1.0;1.0;1.0;
1.0;1.0;1.0;1.0;1.0;
0.4285714285714286;0.4285714285714286;0.7142857142857143;1.0;1.0;
0.7142857142857143;0.75;1.0;1.0;1.0;
0.33333333333333337;0.5555555555555556;0.8181818181818181;0.8571428571428572;1.0;
1.0;1.0;1.0;1.0;1.0;
0.7142857142857143;0.75;1.0;1.0;1.0;
1.0;1.0;1.0;1.0;1.0;
0.19999999999999996;0.6666666666666667;0.6666666666666667;1.0;1.0;
0.6666666666666667;1.0;1.0;1.0;1.0;
1.0;1.0;1.0;1.0;1.0;
0.2941176470588235;0.33333333333333337;0.33333333333333337;0.3846153846153846;0.4666666666666667;
0.6923076923076923;0.7142857142857143;0.7142857142857143;0.7777777777777778;0.8095238095238095;
1.0;1.0;1.0;1.0;1.0;
1.0;1.0;1.0;1.0;1.0;
0.26315789473684215;0.2857142857142857;0.33333333333333337;0.3846153846153846;0.4814814814814815;
1.0;1.0;1.0;1.0;1.0;
0.75;0.7777777777777778;1.0;1.0;1.0;
0.4285714285714286;0.75;0.75;0.75;1.0;
0.5;0.7142857142857143;0.75;1.0;1.0;
1.0;1.0;1.0;1.0;1.0;
0.1428571428571429;0.6666666666666667;0.7777777777777778;1.0;1.0;
0.33333333333333337;0.5;0.6;0.7142857142857143;0.75;
0.5;0.7142857142857143;0.75;0.7777777777777778;0.8;
0.1428571428571429;0.7777777777777778;0.8;0.8181818181818181;0.8333333333333334;
0.6666666666666667;0.6666666666666667;0.75;0.875;1.0;
1.0;1.0;1.0;1.0;1.0;
0.6666666666666667;0.7142857142857143;0.75;0.75;0.7777777777777778;
0.6666666666666667;0.6666666666666667;0.75;0.875;1.0;
0.6;0.75;0.75;0.75;0.8888888888888888;
0.19999999999999996;0.25;0.4;0.5555555555555556;0.6666666666666667;
0.6666666666666667;0.7142857142857143;0.75;0.75;0.7777777777777778;
1.0;1.0;1.0;1.0;1.0;
1.0;1.0;1.0;1.0;1.0;
0.09090909090909094;0.5555555555555556;0.8;0.8;0.8;
1.0;1.0;1.0;1.0;1.0;
0.7777777777777778;1.0;1.0;1.0;1.0;
1.0;1.0;1.0;1.0;1.0;
0.8181818181818181;0.8571428571428572;0.8666666666666667;1.0;1.0;
1.0;1.0;1.0;1.0;1.0;
1.0;1.0;1.0;1.0;1.0;
0.19999999999999996;0.7142857142857143;0.8;0.8;0.8181818181818181;
0.6;0.8181818181818181;1.0;1.0;1.0;
0.4285714285714286;1.0;1.0;1.0;1.0;
0.3846153846153846;0.8181818181818181;0.8181818181818181;0.8333333333333334;0.8333333333333334;
0.75;0.7777777777777778;0.8;0.8181818181818181;1.0;
1.0;1.0;1.0;1.0;1.0;
1.0;1.0;1.0;1.0;1.0;
1.0;1.0;1.0;1.0;1.0;
0.6666666666666667;0.7142857142857143;0.75;0.75;0.75;
0.33333333333333337;0.4;0.6666666666666667;0.7142857142857143;0.7142857142857143;
0.7142857142857143;0.75;0.7777777777777778;0.8;0.8181818181818181;
0.33333333333333337;0.6363636363636364;0.7333333333333334;0.7777777777777778;0.8;
1.0;1.0;1.0;1.0;1.0;
0.19999999999999996;0.6666666666666667;0.7777777777777778;0.8947368421052632;1.0;
0.11111111111111116;0.7777777777777778;0.7777777777777778;0.7777777777777778;0.8;
1.0;1.0;1.0;1.0;1.0;
1.0;1.0;1.0;1.0;1.0;
0.3846153846153846;0.6363636363636364;0.6666666666666667;0.7142857142857143;1.0;
1.0;1.0;1.0;1.0;1.0;
0.33333333333333337;1.0;1.0;1.0;1.0;
1.0;1.0;1.0;1.0;1.0;
0.11111111111111116;0.33333333333333337;0.33333333333333337;0.33333333333333337;0.5555555555555556;
0.4285714285714286;0.875;1.0;1.0;1.0;
0.23076923076923073;0.75;0.7777777777777778;0.8;0.8333333333333334;
0.19999999999999996;0.8;0.8;0.8461538461538461;0.8571428571428572;
0.5;0.6;0.6;0.7142857142857143;0.7142857142857143;
1.0;1.0;1.0;1.0;1.0;
1.0;1.0;1.0;1.0;1.0;
0.6666666666666667;0.75;0.75;0.8;0.8;
0.16666666666666663;0.8333333333333334;0.92;0.9230769230769231;1.0;
0.11111111111111116;0.5555555555555556;0.7777777777777778;0.7777777777777778;0.7777777777777778;
0.5;0.5555555555555556;0.75;0.7777777777777778;0.8;
0.5555555555555556;0.6;0.6666666666666667;0.6666666666666667;0.7333333333333334;
0.11111111111111116;0.7777777777777778;0.7777777777777778;0.7777777777777778;0.8461538461538461;
0.4285714285714286;0.7777777777777778;0.7777777777777778;0.7777777777777778;0.8181818181818181;
0.07692307692307687;0.6923076923076923;0.8;0.8181818181818181;0.8181818181818181;
0.09090909090909094;0.6;0.6;0.6;0.6;
0.4;0.6;0.6666666666666667;0.6666666666666667;0.7142857142857143;
0.4545454545454546;0.6363636363636364;0.7142857142857143;0.7142857142857143;0.75;
0.4;0.8333333333333334;1.0;1.0;1.0;
0.7142857142857143;0.75;0.75;0.8;0.8;
0.25;0.75;0.7777777777777778;0.8;0.8461538461538461;
0.18181818181818177;0.4444444444444444;0.5384615384615384;0.6521739130434783;0.7;
0.3846153846153846;0.7777777777777778;0.7777777777777778;0.8;0.8;
0.4285714285714286;0.6666666666666667;0.7142857142857143;0.8;0.8181818181818181;
1.0;1.0;1.0;1.0;1.0;
1.0;1.0;1.0;1.0;1.0;
1.0;1.0;1.0;1.0;1.0;
0.1428571428571429;0.5555555555555556;0.6;0.6666666666666667;0.7142857142857143;
0.4285714285714286;0.5;0.5;0.5555555555555556;0.5555555555555556;
0.125;0.6363636363636364;0.6666666666666667;0.6923076923076923;0.7777777777777778;
0.4736842105263158;0.7333333333333334;0.7777777777777778;0.7777777777777778;0.8181818181818181;
0.4736842105263158;0.7333333333333334;0.7777777777777778;0.7777777777777778;0.8181818181818181;
0.5555555555555556;0.6923076923076923;0.75;0.875;1.0;
0.2222222222222222;0.2857142857142857;0.6470588235294117;0.6666666666666667;0.7142857142857143;
0.11111111111111116;0.33333333333333337;0.6666666666666667;0.7777777777777778;0.7777777777777778;
0.6;0.6;0.6666666666666667;0.75;0.75;
0.33333333333333337;0.5;0.5555555555555556;0.5714285714285714;0.6;
1.0;1.0;1.0;1.0;1.0;
0.25;0.2727272727272727;0.4545454545454546;0.5;0.5;
0.17647058823529416;0.4285714285714286;0.4285714285714286;0.5714285714285714;0.5714285714285714;
1.0;1.0;1.0;1.0;1.0;
0.6666666666666667;0.7777777777777778;0.8181818181818181;0.9047619047619048;1.0;
1.0;1.0;1.0;1.0;1.0;
1.0;1.0;1.0;1.0;1.0;
0.33333333333333337;0.7777777777777778;0.8181818181818181;0.8333333333333334;0.8571428571428572;
0.33333333333333337;0.4285714285714286;0.4285714285714286;0.4285714285714286;0.4285714285714286;
0.1428571428571429;0.4285714285714286;0.6;0.6666666666666667;0.7142857142857143;
0.19999999999999996;0.5555555555555556;1.0;1.0;1.0;
0.5555555555555556;0.5555555555555556;0.5555555555555556;0.7777777777777778;0.7777777777777778;
0.11111111111111116;0.5555555555555556;0.5555555555555556;0.5555555555555556;0.6;
0.25;0.6;0.6666666666666667;0.75;0.75;
0.19999999999999996;0.7142857142857143;0.75;1.0;1.0;
0.33333333333333337;0.75;0.7777777777777778;1.0;1.0;
0.33333333333333337;0.5;0.8;1.0;1.0;
0.5;0.6;0.6666666666666667;0.75;0.7777777777777778;
0.6666666666666667;1.0;1.0;1.0;1.0;
0.11111111111111116;0.7777777777777778;0.7777777777777778;0.7777777777777778;0.7777777777777778;
0.33333333333333337;0.5;0.6;0.7142857142857143;0.75;
1.0;1.0;1.0;1.0;1.0;
0.11111111111111116;0.5555555555555556;0.6;0.6923076923076923;0.75;
0.4545454545454546;0.7142857142857143;0.9047619047619048;1.0;1.0;
0.8181818181818181;1.0;1.0;1.0;1.0;
0.6666666666666667;0.8;1.0;1.0;1.0;
0.375;0.8;0.8333333333333334;0.8333333333333334;0.8571428571428572;
0.25;0.8;0.8333333333333334;0.8333333333333334;0.8461538461538461;
0.7777777777777778;1.0;1.0;1.0;1.0;
1.0;1.0;1.0;1.0;1.0;
0.4285714285714286;1.0;1.0;1.0;1.0;
1.0;1.0;1.0;1.0;1.0;
0.33333333333333337;1.0;1.0;1.0;1.0;
0.6;0.7777777777777778;1.0;1.0;1.0;
0.5;0.7142857142857143;0.75;0.7777777777777778;1.0;
0.5555555555555556;0.8461538461538461;1.0;1.0;1.0;
1.0;1.0;1.0;1.0;1.0;
1.0;1.0;1.0;1.0;1.0;
0.11111111111111116;0.7777777777777778;0.7777777777777778;0.8333333333333334;1.0;
0.5;0.7142857142857143;0.7142857142857143;0.75;0.8;
1.0;1.0;1.0;1.0;1.0;
0.33333333333333337;1.0;1.0;1.0;1.0;
0.7142857142857143;0.7142857142857143;0.7142857142857143;0.75;0.75;
0.33333333333333337;1.0;1.0;1.0;1.0;
0.4;0.6666666666666667;0.8;0.8947368421052632;1.0;
1.0;1.0;1.0;1.0;1.0;
0.33333333333333337;1.0;1.0;1.0;1.0;
0.19999999999999996;0.6;0.7142857142857143;0.75;0.8181818181818181;
0.11111111111111116;0.75;0.7647058823529411;0.7777777777777778;0.8;
0.6;0.7142857142857143;0.75;0.8333333333333334;0.8333333333333334;
1.0;1.0;1.0;1.0;1.0;
0.6666666666666667;0.75;0.75;0.7777777777777778;0.8461538461538461;
1.0;1.0;1.0;1.0;1.0;
0.2941176470588235;0.6;0.6666666666666667;0.6666666666666667;0.6923076923076923;
0.7777777777777778;1.0;1.0;1.0;1.0;
0.1428571428571429;0.6666666666666667;0.7142857142857143;0.7777777777777778;0.7777777777777778;
0.09090909090909094;0.33333333333333337;0.7777777777777778;0.7777777777777778;0.7777777777777778;
0.09090909090909094;0.33333333333333337;0.4;0.4;0.6;
0.09090909090909094;0.4545454545454546;0.6363636363636364;0.75;0.7777777777777778;
0.11111111111111116;0.5;0.5;0.75;0.75;
0.09090909090909094;0.4;0.6363636363636364;0.6363636363636364;0.6363636363636364;
0.33333333333333337;1.0;1.0;1.0;1.0;
0.5;0.7777777777777778;0.7777777777777778;0.8181818181818181;0.8333333333333334;
0.33333333333333337;0.7142857142857143;1.0;1.0;1.0;
0.4285714285714286;0.4545454545454546;0.6666666666666667;0.8;0.8;
0.4285714285714286;0.5;0.5;0.7142857142857143;0.7142857142857143;
1.0;1.0;1.0;1.0;1.0;
0.33333333333333337;0.4;0.4545454545454546;0.5;0.5384615384615384;
0.1428571428571429;0.25;0.33333333333333337;0.4285714285714286;0.7142857142857143;
0.75;0.8;0.8181818181818181;1.0;1.0;
0.7142857142857143;1.0;1.0;1.0;1.0;
0.6666666666666667;0.6666666666666667;0.7142857142857143;0.75;0.75;
1.0;1.0;1.0;1.0;1.0;
0.19999999999999996;0.33333333333333337;0.4545454545454546;0.4545454545454546;0.5;
0.2941176470588235;0.4545454545454546;0.5384615384615384;0.6;0.6;
1.0;1.0;1.0;1.0;1.0;
0.19999999999999996;0.5555555555555556;0.6;0.6;0.625;
0.375;0.4444444444444444;0.6;0.625;0.6363636363636364;
0.05882352941176472;0.1578947368421053;0.5;0.5714285714285714;0.6;
0.33333333333333337;0.6;0.6363636363636364;0.6666666666666667;0.7777777777777778;
1.0;1.0;1.0;1.0;1.0;
0.1428571428571429;0.5;0.6666666666666667;0.7142857142857143;0.75;
0.11111111111111116;0.33333333333333337;0.33333333333333337;0.33333333333333337;0.5555555555555556;
0.7142857142857143;1.0;1.0;1.0;1.0;
0.4545454545454546;0.8181818181818181;0.8181818181818181;0.8181818181818181;0.8333333333333334;
0.4285714285714286;0.4545454545454546;0.8181818181818181;0.8181818181818181;0.8333333333333334;
0.4545454545454546;0.6;0.7142857142857143;0.8;0.8181818181818181;
0.3846153846153846;0.6363636363636364;0.6923076923076923;0.8;0.8181818181818181;
1.0;1.0;1.0;1.0;1.0;
0.5555555555555556;0.6;0.7777777777777778;0.7777777777777778;0.7777777777777778;
0.4285714285714286;0.6;0.6363636363636364;0.6666666666666667;0.7142857142857143;
0.3846153846153846;0.4285714285714286;0.6;0.7777777777777778;0.8;
0.19999999999999996;0.5;0.5555555555555556;0.6666666666666667;1.0;
0.6;0.75;0.7777777777777778;1.0;1.0;
1.0;1.0;1.0;1.0;1.0;
0.11111111111111116;0.4285714285714286;0.6;0.6666666666666667;0.6666666666666667;
0.25;0.33333333333333337;0.6;0.7777777777777778;0.8181818181818181;
0.33333333333333337;0.5;0.6;0.75;1.0;
0.19999999999999996;0.6666666666666667;0.75;0.75;0.75;
0.09090909090909094;0.5;0.5;0.6;0.6;
0.19999999999999996;0.75;1.0;1.0;1.0;
1.0;1.0;1.0;1.0;1.0;
0.8181818181818181;1.0;1.0;1.0;1.0;
0.6666666666666667;0.7142857142857143;0.7142857142857143;1.0;1.0;
0.33333333333333337;0.7142857142857143;0.75;0.75;0.8181818181818181;
0.11111111111111116;1.0;1.0;1.0;1.0;
0.09090909090909094;0.4545454545454546;0.4545454545454546;0.6;0.6;
0.11111111111111116;0.4285714285714286;0.4285714285714286;0.5;0.6;
0.2941176470588235;0.33333333333333337;0.5294117647058824;0.5789473684210527;0.6;
0.5;0.6;0.7777777777777778;0.8;0.8;
0.4666666666666667;0.5;0.6;0.7333333333333334;0.7647058823529411;
0.11111111111111116;0.33333333333333337;0.6666666666666667;0.7777777777777778;0.7777777777777778;
1.0;1.0;1.0;1.0;1.0;
1.0;1.0;1.0;1.0;1.0;
0.4545454545454546;0.5555555555555556;0.5714285714285714;0.6;0.6363636363636364;
1.0;1.0;1.0;1.0;1.0;
1.0;1.0;1.0;1.0;1.0;
1.0;1.0;1.0;1.0;1.0;
1.0;1.0;1.0;1.0;1.0;
1.0;1.0;1.0;1.0;1.0;
1.0;1.0;1.0;1.0;1.0;
0.09090909090909094;0.5555555555555556;0.5555555555555556;0.5555555555555556;0.6;
1.0;1.0;1.0;1.0;1.0;
0.7142857142857143;0.75;0.75;0.7777777777777778;0.7777777777777778;
0.09090909090909094;0.4;0.6;0.75;0.7777777777777778;
1.0;1.0;1.0;1.0;1.0;
0.5;0.5;0.6;0.6666666666666667;0.7142857142857143;
0.5;0.6;0.7142857142857143;0.7142857142857143;0.7142857142857143;
1.0;1.0;1.0;1.0;1.0;
0.19999999999999996;0.33333333333333337;0.5;0.5;0.5;
1.0;1.0;1.0;1.0;1.0;
1.0;1.0;1.0;1.0;1.0;
1.0;1.0;1.0;1.0;1.0;
0.7777777777777778;1.0;1.0;1.0;1.0;
1.0;1.0;1.0;1.0;1.0;
1.0;1.0;1.0;1.0;1.0;
0.6;0.6666666666666667;0.7142857142857143;0.75;0.8333333333333334;
1.0;1.0;1.0;1.0;1.0;
1.0;1.0;1.0;1.0;1.0;
1.0;1.0;1.0;1.0;1.0;
0.19999999999999996;0.33333333333333337;0.5;0.5;0.5;
1.0;1.0;1.0;1.0;1.0;
1.0;1.0;1.0;1.0;1.0;
0.5;0.6666666666666667;0.7142857142857143;0.75;0.7777777777777778;
1.0;1.0;1.0;1.0;1.0;
0.33333333333333337;0.4285714285714286;0.5555555555555556;0.5555555555555556;0.5555555555555556;
0.19999999999999996;0.33333333333333337;0.5;0.5;0.5;
0.11111111111111116;0.2727272727272727;0.33333333333333337;0.33333333333333337;0.3846153846153846;
0.6666666666666667;0.7142857142857143;0.7142857142857143;0.7142857142857143;0.7142857142857143;
0.6;0.6666666666666667;0.7142857142857143;0.7142857142857143;0.75;
1.0;1.0;1.0;1.0;1.0;
0.4285714285714286;0.4285714285714286;0.4285714285714286;0.5;0.5555555555555556;
1.0;1.0;1.0;1.0;1.0;
0.6666666666666667;0.7142857142857143;0.7777777777777778;0.7777777777777778;0.7777777777777778;
0.4285714285714286;0.5;0.5714285714285714;0.6;0.6;
1.0;1.0;1.0;1.0;1.0;
0.11111111111111116;0.6666666666666667;1.0;1.0;1.0;
0.33333333333333337;0.5555555555555556;0.6923076923076923;0.6923076923076923;0.75;
0.1428571428571429;0.7142857142857143;0.75;0.75;0.75;
0.5555555555555556;0.6;0.6923076923076923;0.75;0.75;
0.4285714285714286;0.6;0.6666666666666667;0.7142857142857143;0.75;
1.0;1.0;1.0;1.0;1.0;
0.7142857142857143;0.75;0.7777777777777778;0.7777777777777778;0.7777777777777778;
0.11111111111111116;0.33333333333333337;0.5555555555555556;0.5555555555555556;0.6;
1.0;1.0;1.0;1.0;1.0;
0.6666666666666667;0.6666666666666667;0.7142857142857143;0.7777777777777778;0.8947368421052632;
0.3846153846153846;0.6;0.6363636363636364;0.7142857142857143;0.8;
1.0;1.0;1.0;1.0;1.0;
0.1428571428571429;0.4285714285714286;0.5;0.7142857142857143;0.7142857142857143;
0.8181818181818181;1.0;1.0;1.0;1.0;
0.875;1.0;1.0;1.0;1.0;
0.3846153846153846;0.7142857142857143;0.8181818181818181;0.8181818181818181;0.8181818181818181;
0.7142857142857143;0.7333333333333334;0.75;0.7777777777777778;0.8;
0.19999999999999996;0.5;0.6;0.6666666666666667;0.75;
0.5;0.6666666666666667;0.8;1.0;1.0;
0.6;0.7142857142857143;0.8181818181818181;1.0;1.0;
0.6;0.6666666666666667;0.6666666666666667;0.8181818181818181;1.0;
0.5;1.0;1.0;1.0;1.0;
0.1428571428571429;0.7142857142857143;1.0;1.0;1.0;
1.0;1.0;1.0;1.0;1.0;
0.6;0.7777777777777778;1.0;1.0;1.0;
1.0;1.0;1.0;1.0;1.0;
0.6666666666666667;0.6666666666666667;0.75;0.8181818181818181;1.0;
0.33333333333333337;0.6363636363636364;0.7142857142857143;0.7142857142857143;0.8181818181818181;
1.0;1.0;1.0;1.0;1.0;
0.19999999999999996;0.6;0.6923076923076923;0.6923076923076923;0.8;
0.19999999999999996;0.6;0.6923076923076923;0.6923076923076923;0.8;
0.26315789473684215;0.5789473684210527;0.625;0.6363636363636364;0.7142857142857143;
0.3846153846153846;0.5;0.5;0.6923076923076923;0.75;
0.09090909090909094;0.375;0.6363636363636364;0.6363636363636364;0.6666666666666667;
0.26315789473684215;0.2857142857142857;0.5789473684210527;0.6363636363636364;0.7142857142857143;
0.16666666666666663;0.4117647058823529;0.6666666666666667;0.6666666666666667;0.6923076923076923;
0.1428571428571429;0.8461538461538461;0.8461538461538461;0.8666666666666667;0.8666666666666667;
0.1428571428571429;0.6666666666666667;0.75;0.8181818181818181;1.0;
0.8;1.0;1.0;1.0;1.0;
0.1428571428571429;0.7142857142857143;0.75;0.75;0.8;
0.18518518518518523;0.6799999999999999;0.6923076923076923;0.7391304347826086;0.8;
0.4285714285714286;0.6;0.6666666666666667;0.75;0.8333333333333334;
0.07692307692307687;0.5555555555555556;0.6666666666666667;0.75;0.7777777777777778;
0.6;0.6666666666666667;0.6666666666666667;0.7142857142857143;0.75;
1.0;1.0;1.0;1.0;1.0;
0.1428571428571429;0.6363636363636364;0.7142857142857143;0.8;0.8;
0.1428571428571429;0.6363636363636364;0.7142857142857143;0.8;0.8;
0.4545454545454546;0.7333333333333334;0.8181818181818181;0.8333333333333334;0.8571428571428572;
0.6;0.6;0.7777777777777778;0.8888888888888888;1.0;
0.4;0.8181818181818181;0.8333333333333334;0.8666666666666667;0.875;
0.26315789473684215;0.6666666666666667;0.8333333333333334;0.8333333333333334;0.8461538461538461;
1.0;1.0;1.0;1.0;1.0;
0.25;0.4285714285714286;0.5555555555555556;0.6;0.6666666666666667;
0.1428571428571429;0.4285714285714286;0.5;0.5555555555555556;0.6;
1.0;1.0;1.0;1.0;1.0;
1.0;1.0;1.0;1.0;1.0;
0.33333333333333337;0.6666666666666667;0.6666666666666667;0.75;0.7777777777777778;
1.0;1.0;1.0;1.0;1.0;
0.5;0.7142857142857143;0.7142857142857143;0.7777777777777778;0.8;
0.8947368421052632;1.0;1.0;1.0;1.0;
0.33333333333333337;0.33333333333333337;0.4545454545454546;0.5;0.5555555555555556;
0.6;0.75;0.75;0.8;0.8181818181818181;
0.4545454545454546;0.5555555555555556;0.6;0.6666666666666667;0.75;
0.4285714285714286;0.5;0.5555555555555556;0.75;0.75;
0.11111111111111116;0.5;0.5;0.6;0.6923076923076923;
0.6;0.7142857142857143;0.7142857142857143;0.75;0.75;
0.19999999999999996;0.33333333333333337;0.33333333333333337;0.5;0.6;
0.5;0.6666666666666667;1.0;1.0;1.0;
0.2941176470588235;0.8;0.8;0.8181818181818181;0.8181818181818181;
0.7777777777777778;1.0;1.0;1.0;1.0;
0.33333333333333337;0.4285714285714286;0.5;0.5;0.6666666666666667;
0.4545454545454546;0.6666666666666667;0.7142857142857143;0.7777777777777778;0.7777777777777778;
1.0;1.0;1.0;1.0;1.0;
0.11111111111111116;0.19999999999999996;0.33333333333333337;0.4;0.5555555555555556;
0.1428571428571429;0.6666666666666667;0.7142857142857143;1.0;1.0;
0.11111111111111116;0.5;0.6;0.75;0.75;
0.19999999999999996;0.5555555555555556;0.6;0.6;0.6666666666666667;
1.0;1.0;1.0;1.0;1.0;
0.5;0.6;0.75;0.75;0.7777777777777778;
1.0;1.0;1.0;1.0;1.0;
1.0;1.0;1.0;1.0;1.0;
0.33333333333333337;0.6666666666666667;0.8;0.8181818181818181;1.0;
1.0;1.0;1.0;1.0;1.0;
1.0;1.0;1.0;1.0;1.0;
0.11111111111111116;0.5555555555555556;0.6;0.75;0.7777777777777778;
0.6666666666666667;0.6666666666666667;0.7777777777777778;0.8;0.8181818181818181;
0.4285714285714286;0.6666666666666667;0.7142857142857143;0.7142857142857143;0.7142857142857143;
0.11111111111111116;0.6363636363636364;0.75;0.75;0.75;
0.6;0.6666666666666667;0.6666666666666667;0.6666666666666667;0.75;
0.7142857142857143;0.75;0.7777777777777778;0.7777777777777778;0.8;
1.0;1.0;1.0;1.0;1.0;
0.7142857142857143;1.0;1.0;1.0;1.0;
1.0;1.0;1.0;1.0;1.0;
0.09090909090909094;0.23076923076923073;0.2727272727272727;0.33333333333333337;0.4545454545454546;
0.6666666666666667;0.7777777777777778;0.7777777777777778;0.8181818181818181;0.8333333333333334;
0.5;0.6666666666666667;0.7142857142857143;0.8181818181818181;0.8333333333333334;
1.0;1.0;1.0;1.0;1.0;
1.0;1.0;1.0;1.0;1.0;
0.6;0.8823529411764706;1.0;1.0;1.0;
0.7142857142857143;0.8947368421052632;1.0;1.0;1.0;
1.0;1.0;1.0;1.0;1.0;
1.0;1.0;1.0;1.0;1.0;
1.0;1.0;1.0;1.0;1.0;
1.0;1.0;1.0;1.0;1.0;
0.75;1.0;1.0;1.0;1.0;
0.5555555555555556;0.75;0.8181818181818181;0.9090909090909091;0.9090909090909091;
0.5555555555555556;0.6;0.6666666666666667;0.75;0.8;
0.4545454545454546;0.75;0.9047619047619048;1.0;1.0;
0.33333333333333337;0.5;0.5555555555555556;0.6;0.6666666666666667;
1.0;1.0;1.0;1.0;1.0;
1.0;1.0;1.0;1.0;1.0;
0.33333333333333337;0.7142857142857143;1.0;1.0;1.0;
0.4545454545454546;0.6363636363636364;0.7777777777777778;0.7777777777777778;0.8;
0.7142857142857143;0.75;0.8333333333333334;0.8461538461538461;1.0;
0.5;0.6;0.6666666666666667;0.75;0.8;
1.0;1.0;1.0;1.0;1.0;
1.0;1.0;1.0;1.0;1.0;
0.7142857142857143;0.7142857142857143;0.7142857142857143;0.7777777777777778;0.8;
0.6;1.0;1.0;1.0;1.0;
0.6;0.6666666666666667;0.75;0.7777777777777778;0.8;
0.11111111111111116;0.5555555555555556;0.5555555555555556;0.5555555555555556;0.5555555555555556;
0.33333333333333337;1.0;1.0;1.0;1.0;
0.6666666666666667;0.8947368421052632;1.0;1.0;1.0;
1.0;1.0;1.0;1.0;1.0;
0.1428571428571429;0.5;0.5;0.6666666666666667;0.7142857142857143;
0.11111111111111116;0.6;0.75;0.7777777777777778;0.7777777777777778;
0.3846153846153846;0.5714285714285714;0.6666666666666667;0.7333333333333334;0.75;
0.09090909090909094;0.8333333333333334;0.8461538461538461;1.0;1.0;
1.0;1.0;1.0;1.0;1.0;
1.0;1.0;1.0;1.0;1.0;
0.5;0.7142857142857143;0.7142857142857143;0.8333333333333334;0.8461538461538461;
0.33333333333333337;0.8181818181818181;0.8333333333333334;1.0;1.0;
1.0;1.0;1.0;1.0;1.0;
0.23809523809523814;0.4285714285714286;0.5789473684210527;0.5789473684210527;0.6;
0.11111111111111116;0.4;0.7142857142857143;0.7777777777777778;0.7777777777777778;
0.33333333333333337;0.4285714285714286;0.6666666666666667;0.6666666666666667;1.0;
0.5;0.5;0.6923076923076923;0.7142857142857143;1.0;
0.33333333333333337;0.5714285714285714;0.6;0.75;0.75;
0.6;0.7142857142857143;0.75;0.8181818181818181;1.0;
1.0;1.0;1.0;1.0;1.0;
1.0;1.0;1.0;1.0;1.0;
0.5;0.6;0.6;0.6;0.6;
0.6666666666666667;0.6666666666666667;0.6666666666666667;0.7142857142857143;0.7142857142857143;
1.0;1.0;1.0;1.0;1.0;
0.5;0.6;0.7777777777777778;0.9130434782608696;1.0;
0.33333333333333337;0.6;0.6666666666666667;0.8;0.8181818181818181;
1.0;1.0;1.0;1.0;1.0;
1.0;1.0;1.0;1.0;1.0;
0.6666666666666667;0.75;0.7777777777777778;0.8461538461538461;0.8571428571428572;
1.0;1.0;1.0;1.0;1.0;
0.4285714285714286;0.4285714285714286;0.6;0.6666666666666667;0.7142857142857143;
0.5;1.0;1.0;1.0;1.0;
0.33333333333333337;0.4;0.5;0.5714285714285714;0.6;
0.16666666666666663;0.5238095238095238;0.5454545454545454;0.5652173913043479;0.6153846153846154;
0.09090909090909094;0.5;0.5238095238095238;0.5454545454545454;0.6;
0.7142857142857143;0.875;1.0;1.0;1.0;
1.0;1.0;1.0;1.0;1.0;
1.0;1.0;1.0;1.0;1.0;
1.0;1.0;1.0;1.0;1.0;
1.0;1.0;1.0;1.0;1.0;
1.0;1.0;1.0;1.0;1.0;
1.0;1.0;1.0;1.0;1.0;
1.0;1.0;1.0;1.0;1.0;
1.0;1.0;1.0;1.0;1.0;
1.0;1.0;1.0;1.0;1.0;
0.5;0.7142857142857143;0.7142857142857143;0.7142857142857143;0.75;
0.6;0.75;0.75;0.75;0.7777777777777778;
0.6;0.75;0.75;0.75;0.7777777777777778;
0.6;1.0;1.0;1.0;1.0;
1.0;1.0;1.0;1.0;1.0;
0.6;1.0;1.0;1.0;1.0;
1.0;1.0;1.0;1.0;1.0;
0.6;0.75;0.75;0.75;0.7777777777777778;
1.0;1.0;1.0;1.0;1.0;
0.33333333333333337;0.5;0.5555555555555556;0.75;0.75;
0.1428571428571429;0.19999999999999996;0.25;0.4285714285714286;0.4285714285714286;
0.33333333333333337;0.6666666666666667;0.7142857142857143;0.75;0.7777777777777778;
0.33333333333333337;1.0;1.0;1.0;1.0;
0.11111111111111116;0.5;0.75;0.75;0.75;
0.6;1.0;1.0;1.0;1.0;
1.0;1.0;1.0;1.0;1.0;
1.0;1.0;1.0;1.0;1.0;
0.11111111111111116;0.33333333333333337;0.5555555555555556;0.5555555555555556;0.6;
0.6666666666666667;0.8;1.0;1.0;1.0;
0.33333333333333337;0.6666666666666667;0.7142857142857143;0.7142857142857143;0.7142857142857143;
0.33333333333333337;0.6;0.6;0.6363636363636364;0.6470588235294117;
0.26315789473684215;0.6470588235294117;0.6666666666666667;0.6666666666666667;0.6923076923076923;
1.0;1.0;1.0;1.0;1.0;
0.33333333333333337;0.8823529411764706;1.0;1.0;1.0;
1.0;1.0;1.0;1.0;1.0;
1.0;1.0;1.0;1.0;1.0;
1.0;1.0;1.0;1.0;1.0;
0.1428571428571429;0.4285714285714286;0.5;0.7142857142857143;0.7142857142857143;
0.5;1.0;1.0;1.0;1.0;
0.4545454545454546;0.6666666666666667;0.75;0.75;0.7777777777777778;
0.11111111111111116;0.5;0.5555555555555556;0.7142857142857143;0.75;
0.6;0.75;0.7777777777777778;0.8333333333333334;0.9428571428571428;
0.5;0.6;0.6923076923076923;0.7142857142857143;0.75;
1.0;1.0;1.0;1.0;1.0;
0.6666666666666667;0.75;0.7777777777777778;0.7777777777777778;0.8;
0.5;1.0;1.0;1.0;1.0;
1.0;1.0;1.0;1.0;1.0;
1.0;1.0;1.0;1.0;1.0;
0.4285714285714286;0.4545454545454546;0.5384615384615384;0.5555555555555556;0.6;
0.6666666666666667;0.75;0.7777777777777778;0.8;0.8333333333333334;
1.0;1.0;1.0;1.0;1.0;
1.0;1.0;1.0;1.0;1.0;
1.0;1.0;1.0;1.0;1.0;
0.1428571428571429;0.4285714285714286;0.4285714285714286;0.5;0.5555555555555556;
0.5;0.8571428571428572;1.0;1.0;1.0;
0.6;0.7142857142857143;0.8666666666666667;1.0;1.0;
0.33333333333333337;0.6;0.75;0.8181818181818181;1.0;
0.4545454545454546;0.6666666666666667;0.7142857142857143;0.75;0.75;
1.0;1.0;1.0;1.0;1.0;
0.26315789473684215;0.6;0.7647058823529411;0.8333333333333334;0.8333333333333334;
0.33333333333333337;0.8;0.8181818181818181;0.8461538461538461;0.8461538461538461;
0.19999999999999996;0.7647058823529411;0.8;0.8181818181818181;0.8333333333333334;
0.6;1.0;1.0;1.0;1.0;
0.11111111111111116;0.4;0.6;0.6666666666666667;0.75;
0.33333333333333337;0.625;0.6470588235294117;0.7142857142857143;0.7142857142857143;
0.11111111111111116;0.4;0.4545454545454546;0.5555555555555556;0.5555555555555556;
0.5555555555555556;0.7333333333333334;0.7777777777777778;1.0;1.0;
0.17647058823529416;0.6;1.0;1.0;1.0;
0.33333333333333337;0.7142857142857143;0.8333333333333334;1.0;1.0;
0.6666666666666667;0.7142857142857143;0.7142857142857143;0.75;0.75;
0.33333333333333337;0.7142857142857143;1.0;1.0;1.0;
0.4285714285714286;0.4545454545454546;0.6666666666666667;0.7142857142857143;0.7777777777777778;
1.0;1.0;1.0;1.0;1.0;
0.26315789473684215;0.4444444444444444;0.6923076923076923;0.75;0.7894736842105263;
0.2941176470588235;0.4444444444444444;0.6666666666666667;0.7333333333333334;0.7777777777777778;
0.26315789473684215;0.6923076923076923;0.7333333333333334;0.7777777777777778;0.7894736842105263;
0.11111111111111116;0.4285714285714286;0.7142857142857143;0.7142857142857143;0.75;
1.0;1.0;1.0;1.0;1.0;
1.0;1.0;1.0;1.0;1.0;
1.0;1.0;1.0;1.0;1.0;
1.0;1.0;1.0;1.0;1.0;
0.1428571428571429;0.7142857142857143;0.7142857142857143;0.7142857142857143;0.75;
0.7142857142857143;0.7777777777777778;0.8;0.8181818181818181;0.8333333333333334;
1.0;1.0;1.0;1.0;1.0;
0.5;0.6;0.7142857142857143;0.7142857142857143;0.7142857142857143;
0.11111111111111116;0.6363636363636364;0.6799999999999999;0.6799999999999999;0.7333333333333334;
1.0;1.0;1.0;1.0;1.0;
0.33333333333333337;0.5555555555555556;0.7142857142857143;1.0;1.0;
0.23076923076923073;0.2857142857142857;0.7777777777777778;0.8;0.8;
0.2857142857142857;0.33333333333333337;0.6363636363636364;0.7142857142857143;0.7333333333333334;
0.6;0.8;1.0;1.0;1.0;
1.0;1.0;1.0;1.0;1.0;
1.0;1.0;1.0;1.0;1.0;
1.0;1.0;1.0;1.0;1.0;
0.4285714285714286;0.4545454545454546;0.6666666666666667;0.7142857142857143;0.7142857142857143;
0.4285714285714286;0.5;0.6666666666666667;0.75;0.75;
0.5;0.5555555555555556;0.7142857142857143;0.7777777777777778;0.7777777777777778;
0.5555555555555556;0.6;0.75;0.8;0.8;
1.0;1.0;1.0;1.0;1.0;
0.6;0.6666666666666667;0.7142857142857143;0.7142857142857143;0.7777777777777778;
0.5;0.5555555555555556;0.7142857142857143;0.7777777777777778;0.7777777777777778;
0.5;0.5555555555555556;0.7142857142857143;0.7777777777777778;0.7777777777777778;
0.4285714285714286;0.5555555555555556;0.6;0.6363636363636364;0.6666666666666667;
0.6;0.7142857142857143;0.75;0.75;0.7777777777777778;
0.6666666666666667;0.7142857142857143;0.75;0.75;0.8;
0.33333333333333337;0.3846153846153846;0.4545454545454546;0.5555555555555556;0.5714285714285714;
1.0;1.0;1.0;1.0;1.0;
0.5555555555555556;0.6;0.7142857142857143;0.7142857142857143;0.75;
1.0;1.0;1.0;1.0;1.0;
1.0;1.0;1.0;1.0;1.0;
1.0;1.0;1.0;1.0;1.0;
1.0;1.0;1.0;1.0;1.0;
0.11111111111111116;0.4285714285714286;0.6;0.6;0.6;
1.0;1.0;1.0;1.0;1.0;
1.0;1.0;1.0;1.0;1.0;
0.6666666666666667;0.8333333333333334;1.0;1.0;1.0;
0.5;0.6666666666666667;0.6666666666666667;0.7142857142857143;0.7777777777777778;
0.5555555555555556;1.0;1.0;1.0;1.0;
1.0;1.0;1.0;1.0;1.0;
0.3846153846153846;0.5;0.5555555555555556;0.6666666666666667;0.75;
0.5555555555555556;0.75;1.0;1.0;1.0;
0.7142857142857143;0.75;0.7777777777777778;1.0;1.0;
1.0;1.0;1.0;1.0;1.0;
1.0;1.0;1.0;1.0;1.0;
0.6666666666666667;0.8333333333333334;0.8333333333333334;0.8571428571428572;0.8823529411764706;
1.0;1.0;1.0;1.0;1.0;
1.0;1.0;1.0;1.0;1.0;
0.33333333333333337;0.7777777777777778;0.8;1.0;1.0;
0.6;0.6;0.75;0.8;0.8;
1.0;1.0;1.0;1.0;1.0;
0.75;1.0;1.0;1.0;1.0;
1.0;1.0;1.0;1.0;1.0;
0.6666666666666667;0.7142857142857143;0.75;0.7777777777777778;0.8;
0.33333333333333337;0.6;0.6666666666666667;0.7142857142857143;0.75;
0.75;1.0;1.0;1.0;1.0;
0.7777777777777778;1.0;1.0;1.0;1.0;
0.6666666666666667;1.0;1.0;1.0;1.0;
0.2941176470588235;0.33333333333333337;0.4736842105263158;0.5294117647058824;0.6521739130434783;
0.5;0.6;0.6;0.6666666666666667;0.6666666666666667;
0.6666666666666667;0.8461538461538461;0.8947368421052632;0.9;1.0;
0.5;0.6666666666666667;0.7142857142857143;0.75;0.75;
0.5;0.6666666666666667;0.7142857142857143;0.75;0.75;
0.8;1.0;1.0;1.0;1.0;
0.1428571428571429;0.4285714285714286;0.4285714285714286;0.5;0.5;
0.5555555555555556;0.6666666666666667;0.7142857142857143;0.7777777777777778;0.7777777777777778;
0.7142857142857143;0.75;1.0;1.0;1.0;
1.0;1.0;1.0;1.0;1.0;
0.75;0.8333333333333334;1.0;1.0;1.0;
0.6666666666666667;0.6666666666666667;0.75;0.8181818181818181;0.9;
0.7142857142857143;0.75;0.7777777777777778;0.8333333333333334;0.8666666666666667;
1.0;1.0;1.0;1.0;1.0;
1.0;1.0;1.0;1.0;1.0;
0.4285714285714286;0.6;0.6363636363636364;0.7777777777777778;1.0;
0.19999999999999996;0.2857142857142857;0.6363636363636364;0.7142857142857143;0.8;
0.33333333333333337;0.4545454545454546;0.5384615384615384;0.625;0.6666666666666667;
0.33333333333333337;0.6;0.6666666666666667;0.7142857142857143;0.75;
0.33333333333333337;0.4545454545454546;0.625;0.75;0.8;
0.2941176470588235;0.5;0.625;0.7777777777777778;0.8;
0.7142857142857143;1.0;1.0;1.0;1.0;
1.0;1.0;1.0;1.0;1.0;
0.11111111111111116;0.33333333333333337;0.5555555555555556;0.5555555555555556;0.5555555555555556;
0.4285714285714286;0.5;0.7142857142857143;0.8;1.0;
1.0;1.0;1.0;1.0;1.0;
1.0;1.0;1.0;1.0;1.0;
0.4285714285714286;0.6;0.6666666666666667;0.7142857142857143;0.75;
0.11111111111111116;0.25;0.33333333333333337;0.5;0.5;
1.0;1.0;1.0;1.0;1.0;
1.0;1.0;1.0;1.0;1.0;
0.19999999999999996;0.6666666666666667;0.6666666666666667;0.7777777777777778;0.8;
0.11111111111111116;0.6363636363636364;0.6521739130434783;0.75;0.7777777777777778;
0.19999999999999996;0.6666666666666667;0.6666666666666667;0.7777777777777778;0.8;
0.4285714285714286;0.7777777777777778;0.7777777777777778;0.8;0.8;
0.11111111111111116;0.4;0.6;0.6;0.6;
1.0;1.0;1.0;1.0;1.0;
0.2727272727272727;0.6190476190476191;0.8;0.8333333333333334;0.8461538461538461;
0.4545454545454546;0.6923076923076923;0.7647058823529411;0.7777777777777778;0.7777777777777778;
0.11111111111111116;0.5;0.5;0.5;0.5555555555555556;
0.6666666666666667;0.7142857142857143;0.7142857142857143;0.75;0.8181818181818181;
0.6;0.7777777777777778;0.8;0.8181818181818181;0.8571428571428572;
0.5;0.75;0.75;0.7777777777777778;0.7777777777777778;
0.7142857142857143;0.75;0.75;0.7777777777777778;0.8333333333333334;
0.75;0.75;0.75;0.7777777777777778;0.7777777777777778;
0.5;0.5555555555555556;0.75;0.8;0.8333333333333334;
0.4285714285714286;0.5;0.7142857142857143;0.7777777777777778;0.8181818181818181;
0.09090909090909094;0.6666666666666667;0.8181818181818181;0.8333333333333334;0.8461538461538461;
0.16666666666666663;0.7142857142857143;0.8;0.8333333333333334;0.8461538461538461;
0.07692307692307687;0.5384615384615384;0.8;0.8181818181818181;0.8181818181818181;
0.11111111111111116;0.5555555555555556;0.5555555555555556;0.5555555555555556;0.5555555555555556;
1.0;1.0;1.0;1.0;1.0;
1.0;1.0;1.0;1.0;1.0;
1.0;1.0;1.0;1.0;1.0;
0.19999999999999996;1.0;1.0;1.0;1.0;
1.0;1.0;1.0;1.0;1.0;
0.4;0.4545454545454546;0.5555555555555556;0.6;0.6363636363636364;
0.4545454545454546;0.5;0.6;0.6363636363636364;0.6666666666666667;
0.6666666666666667;0.75;1.0;1.0;1.0;
0.5555555555555556;0.7142857142857143;1.0;1.0;1.0;
0.3846153846153846;0.6666666666666667;0.7333333333333334;0.75;0.75;
0.6923076923076923;0.6923076923076923;0.7142857142857143;0.7777777777777778;0.7894736842105263;
0.33333333333333337;0.8181818181818181;0.8823529411764706;1.0;1.0;
0.05882352941176472;0.6;0.8181818181818181;0.8461538461538461;0.8461538461538461;
1.0;1.0;1.0;1.0;1.0;
0.09090909090909094;0.6363636363636364;0.8;0.8571428571428572;0.8666666666666667;
0.052631578947368474;0.625;0.7142857142857143;0.8333333333333334;0.8333333333333334;
0.5384615384615384;0.8;0.8571428571428572;1.0;1.0;
0.7142857142857143;1.0;1.0;1.0;1.0;
1.0;1.0;1.0;1.0;1.0;
1.0;1.0;1.0;1.0;1.0;
0.09090909090909094;0.6363636363636364;0.7142857142857143;0.75;0.7777777777777778;
0.1428571428571429;0.7142857142857143;0.7142857142857143;0.75;0.75;
0.5;0.5555555555555556;0.6666666666666667;0.7142857142857143;0.7142857142857143;
0.1428571428571429;0.33333333333333337;0.4285714285714286;0.4545454545454546;0.5555555555555556;
0.19999999999999996;0.4285714285714286;0.5555555555555556;0.6;0.6666666666666667;
0.7777777777777778;0.8181818181818181;1.0;1.0;1.0;
0.8;0.8333333333333334;1.0;1.0;1.0;
1.0;1.0;1.0;1.0;1.0;
0.33333333333333337;0.3846153846153846;0.4545454545454546;0.5;0.5555555555555556;
1.0;1.0;1.0;1.0;1.0;
0.33333333333333337;0.6923076923076923;0.75;0.7647058823529411;0.7777777777777778;
1.0;1.0;1.0;1.0;1.0;
0.11111111111111116;0.5555555555555556;0.5555555555555556;0.5555555555555556;0.5555555555555556;
1.0;1.0;1.0;1.0;1.0;
0.4285714285714286;0.5;0.6666666666666667;0.7142857142857143;0.7142857142857143;
0.5;0.5;0.5555555555555556;0.6363636363636364;0.6666666666666667;
0.5;0.5;0.8181818181818181;1.0;1.0;
0.11111111111111116;0.6;0.7777777777777778;0.7777777777777778;0.8;
0.33333333333333337;0.75;0.8181818181818181;0.8333333333333334;0.8461538461538461;
0.4285714285714286;0.8;1.0;1.0;1.0;
0.33333333333333337;0.7777777777777778;0.8;0.8666666666666667;1.0;
0.1428571428571429;0.5;0.7142857142857143;0.7142857142857143;0.7142857142857143;
0.1428571428571429;0.4285714285714286;0.4285714285714286;0.5;0.5;
0.4285714285714286;0.4285714285714286;0.5;0.5555555555555556;0.6923076923076923;
0.06666666666666665;0.3846153846153846;0.75;0.7647058823529411;0.8;
0.07692307692307687;0.33333333333333337;0.7894736842105263;0.8;0.8;
0.75;0.7777777777777778;1.0;1.0;1.0;
1.0;1.0;1.0;1.0;1.0;
0.1428571428571429;0.6666666666666667;0.6666666666666667;0.7142857142857143;0.75;
0.6666666666666667;1.0;1.0;1.0;1.0;
0.6666666666666667;0.7333333333333334;0.7777777777777778;0.8333333333333334;0.8461538461538461;
0.5;0.7777777777777778;0.8;0.8181818181818181;0.8181818181818181;
0.7142857142857143;0.75;1.0;1.0;1.0;
0.8;0.8;1.0;1.0;1.0;
0.7142857142857143;0.8;1.0;1.0;1.0;
0.11111111111111116;0.5;0.5;0.5;0.5294117647058824;
1.0;1.0;1.0;1.0;1.0;
0.19999999999999996;0.6;0.7142857142857143;0.7777777777777778;0.8666666666666667;
1.0;1.0;1.0;1.0;1.0;
0.75;0.8823529411764706;1.0;1.0;1.0;
0.7142857142857143;0.7142857142857143;0.7777777777777778;0.8333333333333334;0.8823529411764706;
0.6923076923076923;0.7647058823529411;0.7647058823529411;0.7894736842105263;0.8333333333333334;
0.19999999999999996;0.5;0.5555555555555556;0.5555555555555556;0.6363636363636364;
0.5;0.75;0.75;0.8;0.8888888888888888;
1.0;1.0;1.0;1.0;1.0;
1.0;1.0;1.0;1.0;1.0;
0.6;0.7777777777777778;0.7777777777777778;0.8181818181818181;0.8181818181818181;
0.5;0.5;0.6;0.6666666666666667;0.6666666666666667;
0.09090909090909094;0.19999999999999996;0.4;0.4285714285714286;0.4545454545454546;
1.0;1.0;1.0;1.0;1.0;
0.6666666666666667;0.6666666666666667;0.7142857142857143;0.75;0.7777777777777778;
0.11111111111111116;0.33333333333333337;0.4285714285714286;0.5;0.5;
0.2727272727272727;0.4285714285714286;0.5;0.6;0.6;
0.8;0.8;0.8181818181818181;1.0;1.0;
0.4545454545454546;0.5555555555555556;0.6;0.6666666666666667;0.6666666666666667;
0.11111111111111116;0.75;0.7777777777777778;0.7777777777777778;0.7894736842105263;
1.0;1.0;1.0;1.0;1.0;
0.5555555555555556;0.75;0.75;0.7777777777777778;0.7777777777777778;
0.11111111111111116;0.7777777777777778;0.7777777777777778;0.8;0.8181818181818181;
0.4545454545454546;0.6923076923076923;0.7777777777777778;0.8;0.8461538461538461;
0.6;0.75;1.0;1.0;1.0;
1.0;1.0;1.0;1.0;1.0;
0.11111111111111116;0.33333333333333337;0.4;0.4;0.5555555555555556;
0.5555555555555556;0.75;0.75;0.7777777777777778;0.7777777777777778;
0.5;0.6363636363636364;0.8;0.8571428571428572;1.0;
1.0;1.0;1.0;1.0;1.0;
0.2727272727272727;0.4;0.4545454545454546;0.4545454545454546;0.6;
0.09090909090909094;0.6363636363636364;0.6363636363636364;0.7142857142857143;0.75;
0.11111111111111116;0.6;0.75;0.7777777777777778;0.7777777777777778;
0.8461538461538461;1.0;1.0;1.0;1.0;
0.11111111111111116;0.5;0.5555555555555556;0.7142857142857143;0.75;
1.0;1.0;1.0;1.0;1.0;
0.5;0.75;0.8181818181818181;0.8947368421052632;0.92;
0.6666666666666667;0.8;1.0;1.0;1.0;
0.7142857142857143;0.8181818181818181;1.0;1.0;1.0;
0.5;0.7142857142857143;0.75;0.7777777777777778;0.7777777777777778;
0.19999999999999996;0.5;0.6;0.6;0.6;
0.6;0.7142857142857143;0.7142857142857143;0.7142857142857143;0.75;
0.7142857142857143;0.8181818181818181;1.0;1.0;1.0;
0.07692307692307687;0.5;0.5384615384615384;0.5555555555555556;0.6363636363636364;
1.0;1.0;1.0;1.0;1.0;
0.5;0.5;0.6;0.6363636363636364;0.6363636363636364;
0.6666666666666667;0.75;1.0;1.0;1.0;
0.5;0.6363636363636364;0.7142857142857143;0.7142857142857143;0.7647058823529411;
0.33333333333333337;0.6;0.6;1.0;1.0;
0.33333333333333337;0.5;0.6666666666666667;0.7777777777777778;0.7777777777777778;
0.6;0.6;0.6;0.8333333333333334;0.9;
0.1428571428571429;0.4285714285714286;0.7142857142857143;0.8;0.8333333333333334;
0.1428571428571429;0.4285714285714286;0.7142857142857143;0.8;0.8333333333333334;
0.2941176470588235;0.5714285714285714;0.8181818181818181;0.8260869565217391;0.8666666666666667;
0.09090909090909094;0.5714285714285714;0.6363636363636364;0.6363636363636364;0.7777777777777778;
0.23809523809523814;0.8181818181818181;0.8260869565217391;0.8333333333333334;0.8333333333333334;
0.6;0.6666666666666667;0.8;0.8;1.0;
0.75;0.75;1.0;1.0;1.0;
0.11111111111111116;0.6363636363636364;0.6363636363636364;0.6666666666666667;0.7777777777777778;
0.09090909090909094;0.4;0.4;0.4545454545454546;0.6;
0.3846153846153846;0.7777777777777778;0.7777777777777778;0.8333333333333334;0.8333333333333334;
1.0;1.0;1.0;1.0;1.0;
0.09090909090909094;0.5714285714285714;0.75;0.75;0.8;
0.09090909090909094;0.4;0.6363636363636364;0.6363636363636364;0.6666666666666667;
0.11111111111111116;0.5555555555555556;0.5555555555555556;0.6;0.6;
0.09090909090909094;0.6;0.7142857142857143;0.75;0.7777777777777778;
0.1428571428571429;0.6666666666666667;0.6666666666666667;0.7142857142857143;0.7777777777777778;
0.6;0.6666666666666667;0.7777777777777778;0.8;0.8;
1.0;1.0;1.0;1.0;1.0;
0.75;0.7777777777777778;0.7777777777777778;1.0;1.0;
0.07692307692307687;0.33333333333333337;0.4545454545454546;0.6363636363636364;0.6363636363636364;
0.09090909090909094;0.5;0.7777777777777778;0.7777777777777778;0.7777777777777778;
0.6363636363636364;0.6666666666666667;0.7142857142857143;0.7777777777777778;0.7777777777777778;
1.0;1.0;1.0;1.0;1.0;
0.11111111111111116;0.33333333333333337;0.4545454545454546;0.5384615384615384;0.5555555555555556;
0.33333333333333337;1.0;1.0;1.0;1.0;
0.2941176470588235;0.7142857142857143;0.7333333333333334;0.8;0.8461538461538461;
0.7777777777777778;0.8181818181818181;0.8333333333333334;1.0;1.0;
0.11111111111111116;0.5;0.5;0.5;0.5555555555555556;
0.5;0.7142857142857143;0.75;0.75;0.75;
0.09090909090909094;0.19999999999999996;0.25;0.4;0.4285714285714286;
0.09090909090909094;0.33333333333333337;0.4;0.5;0.5555555555555556;
0.33333333333333337;0.5555555555555556;0.6666666666666667;0.6923076923076923;0.6923076923076923;
0.09090909090909094;0.7777777777777778;0.7777777777777778;0.8;0.8;
0.1428571428571429;0.6;0.6666666666666667;0.75;0.75;
0.25;0.6;0.7777777777777778;0.8181818181818181;0.8333333333333334;
0.1428571428571429;0.4285714285714286;0.4285714285714286;0.5;0.5555555555555556;
0.11111111111111116;0.7142857142857143;0.75;0.75;0.75;
0.5;0.75;0.7777777777777778;0.8181818181818181;1.0;
1.0;1.0;1.0;1.0;1.0;
0.5;0.6666666666666667;0.7142857142857143;0.75;0.9047619047619048;
0.6666666666666667;0.8181818181818181;1.0;1.0;1.0;
0.5714285714285714;0.6;0.6;0.6;0.6363636363636364;
0.6;0.7142857142857143;0.75;0.8;1.0;
0.5;0.6;0.7142857142857143;0.75;0.7777777777777778;
0.11111111111111116;0.33333333333333337;0.5555555555555556;0.5555555555555556;0.5555555555555556;
1.0;1.0;1.0;1.0;1.0;
0.4285714285714286;0.75;0.8;1.0;1.0;
0.11111111111111116;0.33333333333333337;0.5;0.6666666666666667;0.75;
0.5;0.7142857142857143;0.7142857142857143;0.7142857142857143;0.75;
1.0;1.0;1.0;1.0;1.0;
1.0;1.0;1.0;1.0;1.0;
0.1428571428571429;0.25;0.4;0.4545454545454546;0.5;
1.0;1.0;1.0;1.0;1.0;
0.25;0.2727272727272727;0.33333333333333337;0.5;0.5384615384615384;
0.33333333333333337;0.3846153846153846;0.4;0.5;0.5714285714285714;
1.0;1.0;1.0;1.0;1.0;
0.09090909090909094;0.25;0.33333333333333337;0.5;0.5384615384615384;
1.0;1.0;1.0;1.0;1.0;
0.33333333333333337;0.33333333333333337;0.4;0.5384615384615384;0.5714285714285714;
1.0;1.0;1.0;1.0;1.0;
0.33333333333333337;0.4285714285714286;0.5555555555555556;0.6;0.6;
0.2727272727272727;0.33333333333333337;0.4;0.5384615384615384;0.5714285714285714;
1.0;1.0;1.0;1.0;1.0;
0.33333333333333337;0.5;0.6666666666666667;0.7142857142857143;0.75;
1.0;1.0;1.0;1.0;1.0;
0.5;0.6;0.6666666666666667;0.6666666666666667;0.75;
1.0;1.0;1.0;1.0;1.0;
1.0;1.0;1.0;1.0;1.0;
0.19999999999999996;0.4285714285714286;0.6;0.6666666666666667;0.7142857142857143;
0.33333333333333337;0.7142857142857143;0.7142857142857143;0.7142857142857143;0.75;
1.0;1.0;1.0;1.0;1.0;
0.33333333333333337;0.5;0.6;0.6666666666666667;0.6666666666666667;
0.33333333333333337;0.5;0.6;0.6;0.7142857142857143;
1.0;1.0;1.0;1.0;1.0;
1.0;1.0;1.0;1.0;1.0;
0.6363636363636364;0.8333333333333334;1.0;1.0;1.0;
0.7777777777777778;0.8333333333333334;1.0;1.0;1.0;
0.4;0.6666666666666667;0.75;0.75;0.75;
0.4117647058823529;0.7333333333333334;0.8;0.8095238095238095;0.8333333333333334;
0.5;0.6666666666666667;1.0;1.0;1.0;
1.0;1.0;1.0;1.0;1.0;
0.5;0.5;0.5;0.6666666666666667;0.6666666666666667;
0.1428571428571429;0.33333333333333337;0.33333333333333337;0.4285714285714286;0.4285714285714286;
1.0;1.0;1.0;1.0;1.0;
1.0;1.0;1.0;1.0;1.0;
0.6;0.7142857142857143;0.8;0.8333333333333334;1.0;
0.5555555555555556;0.5555555555555556;0.6;0.7142857142857143;0.7142857142857143;
0.75;0.8;1.0;1.0;1.0;
0.5555555555555556;0.5555555555555556;0.6;0.7142857142857143;0.7142857142857143;
1.0;1.0;1.0;1.0;1.0;
0.33333333333333337;0.33333333333333337;0.33333333333333337;0.4285714285714286;0.4285714285714286;
0.25;0.4;0.4545454545454546;0.4545454545454546;0.5;
0.09090909090909094;0.4545454545454546;0.5;0.6;0.6363636363636364;
0.6666666666666667;0.7777777777777778;1.0;1.0;1.0;
0.75;0.75;0.7777777777777778;0.8181818181818181;0.8181818181818181;
0.7142857142857143;0.7142857142857143;0.7142857142857143;0.75;1.0;
0.33333333333333337;0.4285714285714286;0.6;0.6666666666666667;0.6666666666666667;
0.6;0.7142857142857143;1.0;1.0;1.0;
0.09090909090909094;0.5;0.5555555555555556;0.6;0.6;
0.1428571428571429;0.5555555555555556;0.8;0.8333333333333334;0.9;
0.7142857142857143;1.0;1.0;1.0;1.0;
1.0;1.0;1.0;1.0;1.0;
0.4285714285714286;0.6;0.6;0.6923076923076923;0.7142857142857143;
1.0;1.0;1.0;1.0;1.0;
0.7142857142857143;0.75;0.7777777777777778;0.8333333333333334;1.0;
1.0;1.0;1.0;1.0;1.0;
1.0;1.0;1.0;1.0;1.0;
1.0;1.0;1.0;1.0;1.0;
0.33333333333333337;0.5;0.6;0.7142857142857143;0.75;
0.1428571428571429;0.33333333333333337;0.6;0.75;0.7777777777777778;
1.0;1.0;1.0;1.0;1.0;
1.0;1.0;1.0;1.0;1.0;
0.5;0.7777777777777778;0.7777777777777778;0.7777777777777778;0.8;
1.0;1.0;1.0;1.0;1.0;
0.6666666666666667;0.7777777777777778;0.8;0.8461538461538461;1.0;
0.09090909090909094;0.75;0.75;0.75;0.75;
1.0;1.0;1.0;1.0;1.0;
1.0;1.0;1.0;1.0;1.0;
0.5555555555555556;0.6666666666666667;0.7777777777777778;0.8;0.8;
0.33333333333333337;1.0;1.0;1.0;1.0;
0.33333333333333337;1.0;1.0;1.0;1.0;
0.09090909090909094;0.4545454545454546;0.4545454545454546;0.6;0.6363636363636364;
0.1428571428571429;0.4;0.4285714285714286;0.6666666666666667;0.7142857142857143;
0.75;0.7777777777777778;0.8333333333333334;0.8333333333333334;1.0;
0.6666666666666667;0.7777777777777778;1.0;1.0;1.0;
0.7142857142857143;0.8;1.0;1.0;1.0;
0.7142857142857143;0.7142857142857143;0.75;0.8181818181818181;1.0;
0.6666666666666667;1.0;1.0;1.0;1.0;
0.19999999999999996;0.6;0.75;1.0;1.0;
0.5;0.5555555555555556;0.75;0.7777777777777778;0.8181818181818181;
0.4285714285714286;0.5;0.7142857142857143;0.75;0.8;
0.09090909090909094;0.4;0.4;0.6;0.6923076923076923;
0.21739130434782605;0.8666666666666667;0.875;0.875;0.8823529411764706;
0.8181818181818181;0.8333333333333334;1.0;1.0;1.0;
0.5555555555555556;0.6666666666666667;0.8;0.8333333333333334;0.8461538461538461;
1.0;1.0;1.0;1.0;1.0;
0.6;1.0;1.0;1.0;1.0;
0.5;0.6;1.0;1.0;1.0;
0.6;0.6666666666666667;1.0;1.0;1.0;
0.5;0.6;0.6;0.6666666666666667;0.6666666666666667;
0.19999999999999996;1.0;1.0;1.0;1.0;
1.0;1.0;1.0;1.0;1.0;
0.11111111111111116;0.33333333333333337;0.5555555555555556;0.75;0.75;
0.4545454545454546;0.6923076923076923;0.8;0.8;0.9090909090909091;
0.11111111111111116;0.33333333333333337;0.33333333333333337;0.33333333333333337;0.5555555555555556;
0.19999999999999996;0.5;0.6;0.7142857142857143;0.8181818181818181;
1.0;1.0;1.0;1.0;1.0;
0.11111111111111116;0.33333333333333337;0.4285714285714286;0.7142857142857143;0.7142857142857143;
0.6;1.0;1.0;1.0;1.0;
0.11111111111111116;0.6666666666666667;0.75;0.7777777777777778;0.7777777777777778;
1.0;1.0;1.0;1.0;1.0;
1.0;1.0;1.0;1.0;1.0;
1.0;1.0;1.0;1.0;1.0;
0.4285714285714286;0.5;1.0;1.0;1.0;
0.09090909090909094;0.3846153846153846;0.6;0.7142857142857143;0.75;
0.6;1.0;1.0;1.0;1.0;
1.0;1.0;1.0;1.0;1.0;
0.33333333333333337;0.6666666666666667;0.6666666666666667;0.7142857142857143;0.75;
1.0;1.0;1.0;1.0;1.0;
0.0;0.5;0.6;0.6;0.6666666666666667;
0.19999999999999996;0.33333333333333337;0.5;0.5555555555555556;0.6666666666666667;
0.11111111111111116;0.19999999999999996;0.33333333333333337;0.33333333333333337;0.4285714285714286;
0.4;0.6666666666666667;0.75;0.75;0.7777777777777778;
1.0;1.0;1.0;1.0;1.0;
0.33333333333333337;0.5555555555555556;0.7777777777777778;0.7777777777777778;0.7777777777777778;
0.75;0.7777777777777778;0.7777777777777778;0.7777777777777778;0.7777777777777778;
0.5;0.7777777777777778;1.0;1.0;1.0;
0.19999999999999996;0.6363636363636364;0.75;0.75;0.7647058823529411;
0.9;1.0;1.0;1.0;1.0;
0.5;0.7142857142857143;0.8181818181818181;1.0;1.0;
0.6;0.6;0.7142857142857143;0.7142857142857143;0.7142857142857143;
1.0;1.0;1.0;1.0;1.0;
1.0;1.0;1.0;1.0;1.0;
0.5;0.6;0.7777777777777778;0.8666666666666667;1.0;
1.0;1.0;1.0;1.0;1.0;
0.7142857142857143;0.875;1.0;1.0;1.0;
0.33333333333333337;0.5;0.5555555555555556;0.6;0.6;
0.4;0.6363636363636364;0.6923076923076923;0.7142857142857143;0.7333333333333334;
1.0;1.0;1.0;1.0;1.0;
0.6190476190476191;0.6363636363636364;0.6363636363636364;0.6666666666666667;0.6923076923076923;
0.19999999999999996;0.4285714285714286;0.5;0.5555555555555556;0.5555555555555556;
1.0;1.0;1.0;1.0;1.0;
1.0;1.0;1.0;1.0;1.0;
0.4285714285714286;0.5555555555555556;0.6;0.6363636363636364;0.6363636363636364;
0.4;0.5714285714285714;0.6666666666666667;0.7142857142857143;0.7142857142857143;
1.0;1.0;1.0;1.0;1.0;
1.0;1.0;1.0;1.0;1.0;
0.4285714285714286;0.6;0.75;0.7777777777777778;0.7777777777777778;
0.6;0.75;0.8333333333333334;1.0;1.0;
0.6;0.75;0.8333333333333334;1.0;1.0;
0.7777777777777778;0.7777777777777778;1.0;1.0;1.0;
0.7777777777777778;1.0;1.0;1.0;1.0;
0.5;0.6;0.6;0.6666666666666667;0.7142857142857143;
1.0;1.0;1.0;1.0;1.0;
0.6;0.6;0.75;0.7777777777777778;0.7777777777777778;
1.0;1.0;1.0;1.0;1.0;
0.33333333333333337;0.6;0.8888888888888888;1.0;1.0;
1.0;1.0;1.0;1.0;1.0;
0.33333333333333337;0.5;0.6666666666666667;0.7142857142857143;0.7142857142857143;
0.09090909090909094;0.4545454545454546;0.4545454545454546;0.6;0.6363636363636364;
0.33333333333333337;0.4285714285714286;0.6;0.6666666666666667;0.8;
0.3846153846153846;0.7142857142857143;0.7142857142857143;0.75;0.8181818181818181;
0.09090909090909094;0.7142857142857143;0.75;0.75;0.8;
0.6;0.75;1.0;1.0;1.0;
1.0;1.0;1.0;1.0;1.0;
1.0;1.0;1.0;1.0;1.0;
1.0;1.0;1.0;1.0;1.0;
0.33333333333333337;1.0;1.0;1.0;1.0;
0.33333333333333337;0.7142857142857143;1.0;1.0;1.0;
1.0;1.0;1.0;1.0;1.0;
0.33333333333333337;0.6;0.6666666666666667;0.7142857142857143;0.75;
1.0;1.0;1.0;1.0;1.0;
0.25;0.4285714285714286;0.5555555555555556;0.5555555555555556;0.6666666666666667;
0.2727272727272727;0.6;0.6666666666666667;0.6923076923076923;0.7142857142857143;
0.33333333333333337;0.6363636363636364;0.6666666666666667;0.6923076923076923;0.8;
1.0;1.0;1.0;1.0;1.0;
0.19999999999999996;0.4285714285714286;0.5555555555555556;0.6;0.6363636363636364;
1.0;1.0;1.0;1.0;1.0;
0.4285714285714286;0.7142857142857143;0.8461538461538461;1.0;1.0;
0.6;0.6;0.6;0.8333333333333334;0.9;
1.0;1.0;1.0;1.0;1.0;
1.0;1.0;1.0;1.0;1.0;
1.0;1.0;1.0;1.0;1.0;
0.1428571428571429;0.4;0.4285714285714286;0.5;0.5;
0.25;0.2727272727272727;0.4545454545454546;0.5;0.5;
1.0;1.0;1.0;1.0;1.0;
1.0;1.0;1.0;1.0;1.0;
0.11111111111111116;0.5555555555555556;0.75;0.75;0.75;
1.0;1.0;1.0;1.0;1.0;
1.0;1.0;1.0;1.0;1.0;
0.6;0.6666666666666667;0.7142857142857143;0.7142857142857143;0.7142857142857143;
0.33333333333333337;1.0;1.0;1.0;1.0;
1.0;1.0;1.0;1.0;1.0;
1.0;1.0;1.0;1.0;1.0;
0.11111111111111116;0.33333333333333337;0.5555555555555556;0.5555555555555556;0.5555555555555556;
0.2941176470588235;0.6666666666666667;0.6923076923076923;0.7647058823529411;0.7647058823529411;
0.6666666666666667;0.8;0.8;0.8;0.8;
0.5;1.0;1.0;1.0;1.0;
0.5;0.75;0.75;0.75;0.75;
0.33333333333333337;0.7142857142857143;0.7142857142857143;0.7142857142857143;0.7142857142857143;
1.0;1.0;1.0;1.0;1.0;
0.5;0.75;0.8;1.0;1.0;
0.33333333333333337;0.7142857142857143;0.7142857142857143;0.7142857142857143;0.75;
0.5;0.75;0.75;0.75;0.75;
0.7142857142857143;0.7142857142857143;0.7333333333333334;0.75;0.8;
1.0;1.0;1.0;1.0;1.0;
0.33333333333333337;0.5;0.6666666666666667;0.6666666666666667;0.6666666666666667;
1.0;1.0;1.0;1.0;1.0;
1.0;1.0;1.0;1.0;1.0;
1.0;1.0;1.0;1.0;1.0;
0.5;0.6;0.7142857142857143;0.7142857142857143;0.7142857142857143;
0.33333333333333337;0.5;0.6666666666666667;0.6666666666666667;0.6666666666666667;
1.0;1.0;1.0;1.0;1.0;
1.0;1.0;1.0;1.0;1.0;
1.0;1.0;1.0;1.0;1.0;
1.0;1.0;1.0;1.0;1.0;
1.0;1.0;1.0;1.0;1.0;
0.6;1.0;1.0;1.0;1.0;
0.6666666666666667;0.7142857142857143;1.0;1.0;1.0;
0.5;0.6;0.6666666666666667;0.6666666666666667;0.7142857142857143;
0.8461538461538461;1.0;1.0;1.0;1.0;
1.0;1.0;1.0;1.0;1.0;
0.6;0.8;1.0;1.0;1.0;
0.6;1.0;1.0;1.0;1.0;
1.0;1.0;1.0;1.0;1.0;
0.19999999999999996;0.5;0.5555555555555556;0.6363636363636364;0.6666666666666667;
0.19999999999999996;0.5;0.5;0.6363636363636364;0.7142857142857143;
0.2727272727272727;0.5294117647058824;0.5555555555555556;0.6666666666666667;0.7333333333333334;
0.5555555555555556;0.6;0.6;0.6666666666666667;0.7142857142857143;
0.5;0.6;0.7142857142857143;0.7142857142857143;0.7142857142857143;
